#1        2   3   4   5         6         7               8       9               10                        11        12      13        14
#name     iZ  ne  nv  color     RvdW[Ang] EvdW[eV]        Quff[e] Uuff[eV]        Vuff[eV]       QEq{ Eaff[eV] Ehard[eV] Ra[Ang] eta[a.u.] } 
E       200   0   0   0x00FFFF  0.5       0.001           0.000   0.0             0.0                       
H         1   1   1   0xE0FFFF  1.4430    0.00190802059   0.712   0.00000000000   0.00000000000         -4.528   13.8904   0.371    1.0698     
C         6   4   4   0x909090  1.9255    0.00455323095   1.912   0.08672820849   0.09188853689         -5.343   10.126    0.759    0.8563
N         7   5   3   0x3050F8  1.8300    0.00299212319   2.544   0.08672820849   0.01951384691         -6.899   11.760    0.715    0.9089   
O         8   6   2   0xFF0D0D  1.7500    0.00260184625   2.300   0.08672820849   0.00078055388         -8.741   13.364    0.669    0.9745
F         9   7   1   0x1FF01F  1.6820    0.00216820521   1.735   0.08672820849   0.00000000000        -10.874   14.948    0.706    0.9206
Na       11   1   1   0xAB5CF2  1.4915    0.00130092313   1.081   0.05420513030   0.00000000000         -2.843    4.592    2.085    0.4364
Cl       17   7   1   0x1FF01F  1.9735    0.00984365166   2.348   0.05420513030   0.00000000000         -8.564    9.892    0.994    0.9154
