# at	r_I(Ang) theta_0(deg) x_I(Ang) D_I(kcal/mol) zeta   Z*_I(e) chi(eV) J(eV)   R(Ang) eta(1/au) V_I (kcal/mol) U_I (kcal/mol) chi_reax(eV) eta_reax(eV) gamma_reax(1/Ang)
18
H_	0.354	 180.00	      2.886    0.044	     12.000 0.712    4.5280 13.8904 0.371  1.0698    0.             0.             3.7248       9.6093       0.8203
C_3	0.757	 109.47	      3.851    0.105	     12.730 1.912    5.343  10.126  0.759  0.8563    2.119          2.0            5.4088       6.0000       0.6544
C_R	0.729	 120.00	      3.851    0.105	     12.730 1.912    5.343  10.126  0.759  0.8563    0.             2.0            5.4088       6.0000       0.6544
C_2	0.732	 120.00	      3.851    0.105	     12.730 1.912    5.343  10.126  0.759  0.8563    0.             2.0            5.4088       6.0000       0.6544
C_1	0.706	 180.00	      3.851    0.105	     12.730 1.912    5.343  10.126  0.759  0.8563    0.             2.0            5.4088       6.0000       0.6544
N_3	0.700	 106.70	      3.660    0.069	     13.407 2.544    6.899  11.760  0.715  0.9089    0.450          2.0            6.1112       6.6645       0.9928
N_R	0.699	 120.00	      3.660    0.069	     13.407 2.544    6.899  11.760  0.715  0.9089    0.             2.0            6.1112       6.6645       0.9928
N_2	0.685	 111.20	      3.660    0.069	     13.407 2.544    6.899  11.760  0.715  0.9089    0.             2.0            6.1112       6.6645       0.9928
N_1	0.656	 180.00	      3.660    0.069	     13.407 2.544    6.899  11.760  0.715  0.9089    0.             2.0            6.1112       6.6645       0.9928
O_3	0.658	 104.51	      3.500    0.060	     14.085 2.300    8.741  13.364  0.669  0.9745    0.018          2.0            8.5000       8.3122       1.0898
O_R	0.680	 110.00	      3.500    0.060	     14.085 2.300    8.741  13.364  0.669  0.9745    0.             2.0            8.5000       8.3122       1.0898
O_2	0.634	 120.00	      3.500    0.060	     14.085 2.300    8.741  13.364  0.669  0.9745    0.             2.0            8.5000       8.3122       1.0898
O_1	0.639	 180.00	      3.500    0.060	     14.085 2.300    8.741  13.364  0.669  0.9745    0.             2.0            8.5000       8.3122       1.0898
F_	0.668	 180.00	      3.364    0.050	     14.762 1.735   10.874  14.948  0.706  0.9206    0.             2.0            0.           0.           0.
Na	1.539	 180.00	      2.983    0.030	     12.000 1.081    2.843   4.592  2.085  0.4364    0.             1.25           0.           0.           0.
Cl	1.044	 180.00	      3.947    0.227	     14.866 2.348    8.564   9.892  0.994  0.9154    0.             1.25           0.           0.           0.
Si3	1.117	 109.47	      4.295    0.402	     12.175 2.323    4.168   6.974  1.176  0.7737    1.225          1.25           0.           0.           0.
O_3_z	0.528	 146	      3.5      0.06	     14.085 2.3	     8.741  13.364  0.669  0.9745    0.018          2.0            0.           0.           0.
